year month day AAPL GOOGL MSFT PG XOM
2005 1 3 4.21 101.46 21.18 40.67 38.89
2005 1 4 4.25 97.35 21.26 40.16 38.62
2005 1 5 4.29 96.85 21.21 40.58 38.42
2005 1 6 4.29 94.37 21.19 40.78 38.91
2005 1 7 4.61 97.02 21.12 41.20 38.65
2005 1 10 4.59 97.63 21.23 41.53 38.80
2005 1 11 4.29 96.87 21.17 41.48 38.70
2005 1 12 4.35 97.79 21.21 41.64 39.27
2005 1 13 4.64 97.76 20.81 40.92 39.24
2005 1 14 4.67 100.09 20.69 41.17 39.65
2005 1 18 4.70 102.05 20.85 41.26 39.98
2005 1 19 4.65 98.75 20.58 41.95 39.63
2005 1 20 4.69 97.06 20.48 41.97 39.37
2005 1 21 4.69 94.23 20.32 41.19 39.16
2005 1 24 4.71 90.45 20.33 40.86 39.69
2005 1 25 4.79 88.65 20.61 41.25 39.85
2005 1 26 4.81 94.71 20.60 41.03 40.14
2005 1 27 4.83 94.13 20.68 40.94 40.17
2005 1 28 4.92 95.27 20.74 40.08 39.80
2005 1 31 5.11 97.91 20.81 39.40 40.06
2005 2 1 5.16 96.05 20.90 39.13 41.35
2005 2 2 5.30 103.08 20.96 39.52 41.87
2005 2 3 5.18 105.54 20.74 39.41 42.32
2005 2 4 5.24 102.28 20.85 38.95 42.92
2005 2 7 5.25 98.11 20.72 38.88 43.01
2005 2 8 5.38 99.42 20.78 38.47 43.51
2005 2 9 5.24 95.89 20.65 38.12 43.33
2005 2 10 5.21 94.08 20.64 38.21 43.95
2005 2 11 5.40 93.79 20.57 38.60 43.77
2005 2 14 5.63 96.59 20.60 39.01 44.33
2005 2 15 5.88 97.71 20.60 39.58 44.40
2005 2 16 5.99 99.30 20.49 39.46 45.62
2005 2 17 5.84 99.05 20.38 39.47 45.35
2005 2 18 5.77 99.07 20.24 39.60 46.35
2005 2 22 5.67 95.78 20.04 38.67 45.44
2005 2 23 5.87 97.07 20.02 39.59 46.35
2005 2 24 5.91 94.54 20.16 39.84 47.69
2005 2 25 5.92 93.03 20.06 40.11 49.35
2005 2 28 5.97 94.09 19.99 39.29 49.39
2005 3 1 5.92 93.12 20.08 39.60 48.44
2005 3 2 5.87 92.68 20.07 39.66 48.90
2005 3 3 5.56 93.60 20.00 39.58 49.19
2005 3 4 5.69 93.04 20.00 39.86 49.59
2005 3 7 5.69 94.50 20.24 39.75 49.15
2005 3 8 5.39 92.69 20.18 39.49 49.23
2005 3 9 5.23 90.77 20.11 39.23 47.42
2005 3 10 5.30 90.08 20.20 39.43 47.10
2005 3 11 5.36 88.99 19.93 38.86 47.63
2005 3 14 5.36 87.58 19.95 39.41 47.81
2005 3 15 5.45 89.39 19.79 39.17 47.08
2005 3 16 5.48 87.89 19.57 39.09 47.03
2005 3 17 5.62 89.73 19.50 39.04 47.97
2005 3 18 5.71 90.11 19.31 39.52 48.87
2005 3 21 5.81 90.53 19.23 39.04 48.48
2005 3 22 5.70 89.39 19.06 38.52 47.51
2005 3 23 5.66 89.58 19.21 39.10 46.88
2005 3 24 5.65 89.71 19.29 38.93 46.03
2005 3 28 5.66 90.80 19.23 38.86 45.94
2005 3 29 5.55 89.87 19.00 38.38 45.46
2005 3 30 5.69 90.32 19.19 39.49 46.21
2005 3 31 5.54 90.35 19.20 39.23 46.49
2005 4 1 5.44 90.11 19.16 38.94 47.24
2005 4 4 5.47 92.74 19.25 39.89 47.31
2005 4 5 5.57 94.38 19.44 39.97 46.85
2005 4 6 5.63 94.70 19.60 39.94 47.51
2005 4 7 5.79 96.98 19.94 40.76 47.47
2005 4 8 5.82 96.12 19.81 40.34 46.81
2005 4 11 5.58 96.71 19.84 40.96 47.03
2005 4 12 5.67 97.08 20.12 41.09 47.14
2005 4 13 5.46 96.56 19.89 40.86 46.14
2005 4 14 4.96 95.82 19.73 40.71 45.83
2005 4 15 4.70 92.59 19.43 40.56 43.83
2005 4 18 4.74 93.58 19.58 40.41 44.66
2005 4 19 4.93 95.80 19.57 40.21 45.74
2005 4 20 4.72 99.15 19.32 39.72 44.58
2005 4 21 4.95 102.21 20.08 40.32 46.25
2005 4 22 4.72 108.01 19.85 40.09 46.35
2005 4 25 4.92 111.88 19.85 40.05 46.78
2005 4 26 4.81 109.48 19.67 39.71 46.24
2005 4 27 4.78 110.00 19.85 39.82 45.54
2005 4 28 4.73 109.83 19.42 40.17 43.69
2005 4 29 4.80 110.11 20.10 40.29 44.49
2005 5 2 4.85 111.26 20.04 40.77 45.04
2005 5 3 4.82 113.21 20.15 40.84 44.08
2005 5 4 4.94 114.36 20.03 41.02 44.65
2005 5 5 4.88 113.60 20.04 40.75 45.09
2005 5 6 4.95 114.12 20.04 40.73 44.93
2005 5 9 4.92 113.12 19.95 40.90 45.25
2005 5 10 4.84 114.01 19.78 40.83 44.65
2005 5 11 4.74 115.76 19.79 41.28 44.92
2005 5 12 4.54 114.47 19.86 41.25 42.98
2005 5 13 4.62 114.73 20.10 40.73 42.11
2005 5 16 4.73 115.64 20.32 41.02 41.83
2005 5 17 4.70 116.68 20.29 41.39 42.23
2005 5 18 4.77 119.70 20.48 41.96 42.07
2005 5 19 4.99 119.71 20.66 42.12 42.99
2005 5 20 4.99 120.93 20.51 42.02 42.35
2005 5 23 5.29 127.85 20.60 42.02 42.93
2005 5 24 5.28 128.13 20.52 41.66 43.16
2005 5 25 5.29 130.54 20.49 41.46 43.66
2005 5 26 5.42 129.73 20.64 41.52 44.08
2005 5 27 5.40 133.13 20.78 41.48 44.54
2005 5 31 5.29 138.77 20.56 41.03 44.07
2005 6 1 5.36 144.14 20.57 41.75 44.81
2005 6 2 5.33 144.09 20.55 41.64 44.94
2005 6 3 5.09 140.27 20.27 41.12 44.81
2005 6 6 5.04 145.62 20.22 41.15 45.16
2005 6 7 4.86 146.71 20.33 41.25 45.05
2005 6 8 4.91 139.92 20.24 41.15 44.48
2005 6 9 5.01 143.30 20.33 41.07 45.82
2005 6 10 4.76 141.39 20.27 40.73 45.77
2005 6 13 4.78 141.52 20.17 40.41 45.83
2005 6 14 4.79 139.31 20.21 40.46 45.91
2005 6 15 4.94 137.54 20.13 40.47 46.46
2005 6 16 5.05 138.86 19.96 40.36 47.14
2005 6 17 5.10 140.29 19.96 40.49 47.74
2005 6 20 5.00 143.49 20.01 40.36 47.71
2005 6 21 5.04 144.06 20.04 40.42 46.66
2005 6 22 5.13 144.79 19.98 40.50 46.79
2005 6 23 5.17 145.00 20.17 39.92 46.28
2005 6 24 5.02 148.77 19.96 39.30 45.59
2005 6 27 4.93 152.20 19.96 39.19 46.50
2005 6 28 4.96 151.15 19.98 39.68 46.33
2005 6 29 4.84 146.51 20.00 39.78 45.82
2005 6 30 4.90 147.22 19.80 39.24 45.06
2005 7 1 4.86 145.77 19.69 39.36 45.72
2005 7 5 5.05 148.00 19.91 39.24 47.15
2005 7 6 4.97 145.91 19.69 39.06 46.35
2005 7 7 5.01 147.92 19.65 38.81 46.67
2005 7 8 5.09 148.26 20.00 39.40 46.57
2005 7 11 5.07 146.82 20.16 40.10 47.02
2005 7 12 5.09 146.04 20.41 40.13 46.96
2005 7 13 5.10 149.58 20.45 40.61 46.86
2005 7 14 5.42 150.60 20.70 40.73 45.94
2005 7 15 5.53 150.75 20.55 40.55 45.60
2005 7 18 5.52 149.92 20.36 40.64 45.59
2005 7 19 5.74 155.11 20.85 40.83 46.09
2005 7 20 5.80 156.16 20.87 41.14 46.26
2005 7 21 5.76 157.13 21.07 41.23 45.39
2005 7 22 5.85 151.35 20.47 41.12 46.65
2005 7 25 5.83 148.07 20.47 41.08 47.00
2005 7 26 5.80 148.19 20.36 41.21 46.73
2005 7 27 5.85 148.61 20.50 41.41 46.73
2005 7 28 5.83 146.90 20.52 41.74 47.05
2005 7 29 5.67 144.02 20.41 41.60 46.07
2005 8 1 5.69 145.95 20.66 41.37 46.44
2005 8 2 5.74 149.74 21.37 41.40 46.90
2005 8 3 5.75 148.80 21.72 41.13 46.26
2005 8 4 5.68 149.01 21.77 40.51 45.88
2005 8 5 5.72 146.32 22.12 40.46 45.55
2005 8 8 5.67 145.77 21.62 40.57 46.14
2005 8 9 5.83 145.93 21.80 40.34 46.62
2005 8 10 5.77 142.98 21.48 40.16 47.20
2005 8 11 5.85 142.17 21.73 40.13 48.02
2005 8 12 6.13 145.01 21.56 40.04 48.10
2005 8 15 6.34 142.14 21.69 40.52 47.61
2005 8 16 6.15 142.97 21.37 40.07 46.54
2005 8 17 6.27 142.69 21.54 39.95 45.84
2005 8 18 6.16 140.14 21.44 40.52 45.79
2005 8 19 6.10 140.14 21.36 40.78 46.35
2005 8 22 6.10 137.14 21.51 41.25 46.54
2005 8 23 6.08 139.93 21.48 41.43 46.49
2005 8 24 6.09 141.43 21.43 40.84 46.39
2005 8 25 6.13 141.44 21.61 41.13 46.63
2005 8 26 6.08 141.93 21.56 41.10 46.02
2005 8 29 6.10 144.37 21.70 41.61 46.03
2005 8 30 6.19 143.78 21.73 41.43 46.18
2005 8 31 6.24 143.14 21.89 41.49 47.20
2005 9 1 6.15 143.27 21.74 41.70 48.60
2005 9 2 6.15 144.37 21.60 41.87 47.81
2005 9 6 6.49 143.70 21.58 42.30 48.11
2005 9 7 6.48 147.58 21.46 42.07 48.43
2005 9 8 6.62 147.84 21.27 41.99 48.30
2005 9 9 6.83 149.69 21.25 42.55 49.80
2005 9 12 6.84 155.03 21.27 42.30 49.26
2005 9 13 6.76 156.00 21.17 41.53 48.75
2005 9 14 6.60 151.65 21.03 41.14 49.22
2005 9 15 6.63 151.46 21.00 41.50 49.21
2005 9 16 6.81 150.25 20.84 41.84 50.19
2005 9 19 7.00 152.05 20.78 41.55 50.92
2005 9 20 7.08 154.11 20.66 41.91 50.84
2005 9 21 6.93 156.11 20.38 41.80 51.19
2005 9 22 6.90 155.84 20.26 42.39 51.20
2005 9 23 7.08 157.84 20.20 42.43 50.29
2005 9 26 7.16 157.30 20.20 42.32 50.90
2005 9 27 7.11 157.13 20.26 42.70 50.92
2005 9 28 6.79 153.15 20.52 42.95 50.98
2005 9 29 6.96 154.96 20.74 43.48 51.06
2005 9 30 7.13 158.39 20.57 44.46 50.06
2005 10 3 7.24 159.50 20.38 44.35 49.24
2005 10 4 7.15 155.66 19.97 43.43 47.71
2005 10 5 7.02 155.51 19.72 42.71 46.45
2005 10 6 6.88 156.53 19.77 42.04 46.15
2005 10 7 6.82 156.65 19.66 41.91 46.96
2005 10 10 6.70 155.48 19.55 41.76 46.09
2005 10 11 6.86 153.20 19.51 41.88 46.80
2005 10 12 6.55 150.64 19.42 41.90 46.44
2005 10 13 7.15 148.87 19.66 42.03 45.83
2005 10 14 7.18 148.22 19.72 41.96 46.20
2005 10 17 7.11 152.65 19.61 41.71 46.38
2005 10 18 6.94 151.79 19.64 41.39 44.36
2005 10 19 7.31 154.50 20.06 41.84 45.05
2005 10 20 7.47 151.75 19.82 41.47 43.49
2005 10 21 7.40 170.12 19.81 41.19 43.63
2005 10 24 7.55 174.50 20.06 41.41 44.79
2005 10 25 7.46 173.63 20.01 41.78 45.07
2005 10 26 7.59 177.90 20.07 41.33 44.28
2005 10 27 7.37 176.71 19.86 41.35 43.81
2005 10 28 7.25 179.26 20.41 42.03 44.37
2005 10 31 7.66 186.26 20.54 42.08 44.23
2005 11 1 7.65 189.88 20.75 41.53 44.44
2005 11 2 7.97 190.03 21.15 41.83 45.21
2005 11 3 8.23 193.17 21.14 42.06 46.15
2005 11 4 8.13 195.41 21.31 42.03 45.62
2005 11 7 8.01 197.71 21.59 41.77 44.99
2005 11 8 7.97 195.15 21.62 41.87 45.43
2005 11 9 8.00 189.76 21.55 42.09 45.54
2005 11 10 8.14 195.75 21.65 42.37 44.71
2005 11 11 8.19 195.40 21.81 42.37 44.76
2005 11 14 8.17 198.68 21.88 42.03 44.86
2005 11 15 8.28 196.60 22.05 42.09 44.69
2005 11 16 8.64 199.27 22.24 42.54 45.28
2005 11 17 8.58 201.93 22.42 42.95 45.44
2005 11 18 8.59 200.31 22.50 43.18 46.13
2005 11 21 8.64 204.88 22.58 43.32 47.02
2005 11 22 8.85 208.44 22.38 42.95 47.25
2005 11 23 8.93 211.64 22.38 42.85 47.41
2005 11 25 9.22 214.52 22.26 43.05 47.60
2005 11 28 9.27 211.95 22.25 42.92 46.52
2005 11 29 9.06 201.97 22.19 43.35 46.20
2005 11 30 9.02 202.66 22.19 42.98 45.96
2005 12 1 9.52 207.25 22.36 43.32 47.00
2005 12 2 9.66 209.06 22.46 43.11 46.78
2005 12 5 9.55 203.13 22.33 43.16 47.13
2005 12 6 9.85 202.47 22.20 43.15 47.27
2005 12 7 9.84 202.31 22.25 42.87 46.74
2005 12 8 9.85 205.53 22.20 42.85 47.06
2005 12 9 9.89 204.80 22.22 43.09 46.33
2005 12 12 9.96 206.51 22.01 42.77 46.61
2005 12 13 9.97 208.95 21.75 43.98 46.77
2005 12 14 9.58 209.69 21.72 44.81 47.41
2005 12 15 9.60 211.49 21.58 44.34 47.11
2005 12 16 9.46 215.29 21.57 43.68 45.98
2005 12 19 9.49 212.51 21.51 44.01 45.70
2005 12 20 9.59 215.09 21.53 43.75 45.88
2005 12 21 9.78 213.38 21.43 43.98 45.62
2005 12 22 9.85 216.24 21.32 44.18 45.22
2005 12 23 9.76 215.68 21.36 44.25 45.22
2005 12 27 9.87 212.53 21.21 44.04 44.25
2005 12 28 9.79 213.56 21.16 44.00 44.55
2005 12 29 9.50 210.29 21.06 43.91 44.54
2005 12 30 9.56 207.64 20.96 43.50 44.48
2006 1 3 9.94 217.83 21.52 44.18 46.31
2006 1 4 9.97 222.84 21.62 44.26 46.38
2006 1 5 9.89 225.85 21.64 44.12 46.15
2006 1 6 10.15 233.06 21.57 44.07 47.07
2006 1 9 10.12 233.68 21.53 44.40 47.04
2006 1 10 10.76 235.12 21.65 44.23 47.41
2006 1 11 11.16 236.05 21.88 44.39 47.73
2006 1 12 11.21 232.05 21.76 43.90 47.23
2006 1 13 11.38 233.36 21.80 44.27 48.29
2006 1 17 11.27 233.79 21.64 44.08 48.74
2006 1 18 10.97 222.68 21.51 44.31 48.06
2006 1 19 10.51 218.44 21.66 44.19 48.70
2006 1 20 10.12 199.93 21.17 43.68 47.94
2006 1 23 10.33 213.96 21.12 43.53 48.47
2006 1 24 10.11 221.74 21.07 43.70 48.28
2006 1 25 9.87 216.72 21.17 44.16 47.68
2006 1 26 9.62 217.35 21.25 44.42 47.48
2006 1 27 9.58 216.96 22.28 45.12 48.54
2006 1 30 9.98 213.62 22.45 44.66 49.98
2006 1 31 10.04 216.55 22.57 44.73 49.69
2006 2 1 10.03 201.09 22.48 45.18 49.06
2006 2 2 9.59 198.22 22.19 45.05 49.06
2006 2 3 9.56 190.97 22.08 45.07 48.62
2006 2 6 8.95 192.74 21.78 45.15 49.08
2006 2 7 8.99 184.14 21.60 44.80 47.95
2006 2 8 9.15 184.72 21.57 44.91 48.08
2006 2 9 8.64 179.56 21.37 45.02 47.71
2006 2 10 8.95 181.49 21.40 45.09 47.32
2006 2 13 8.61 173.02 21.16 44.89 47.45
2006 2 14 9.00 171.83 21.37 45.19 47.41
2006 2 15 9.21 171.36 21.62 45.39 47.58
2006 2 16 9.39 183.41 21.57 45.86 47.97
2006 2 17 9.35 184.56 21.48 46.07 48.21
2006 2 21 9.19 183.48 21.35 45.98 48.37
2006 2 22 9.49 182.93 21.49 46.78 47.98
2006 2 23 9.54 189.22 21.45 46.43 47.63
2006 2 24 9.51 188.89 21.42 46.44 48.10
2006 2 27 9.44 195.39 21.76 46.33 47.71
2006 2 28 9.11 181.49 21.61 45.26 47.27
2006 3 1 9.19 182.58 21.83 45.39 48.04
2006 3 2 9.26 188.41 21.70 44.97 48.45
2006 3 3 9.01 189.28 21.66 45.06 48.55
2006 3 6 8.71 184.23 21.65 45.06 47.75
2006 3 7 8.82 182.41 21.77 45.54 47.65
2006 3 8 8.73 177.12 21.92 46.12 47.54
2006 3 9 8.50 171.67 21.72 46.37 46.91
2006 3 10 8.41 168.92 21.86 47.01 47.12
2006 3 13 8.74 168.70 21.81 46.81 47.48
2006 3 14 8.95 175.76 21.90 45.32 48.41
2006 3 15 8.81 172.42 22.01 45.24 48.58
2006 3 16 8.55 169.55 21.94 44.85 49.08
2006 3 17 8.60 170.07 22.12 44.63 48.61
2006 3 20 8.51 174.27 22.44 44.69 48.29
2006 3 21 8.22 170.13 22.31 44.58 48.34
2006 3 22 8.20 170.28 21.84 44.93 48.61
2006 3 23 8.00 171.12 21.60 44.29 48.76
2006 3 24 7.98 183.08 21.73 44.36 48.70
2006 3 27 7.92 185.03 21.73 44.02 48.80
2006 3 28 7.81 188.79 21.64 43.45 48.53
2006 3 29 8.29 197.69 21.74 43.61 48.79
2006 3 30 8.35 194.41 21.90 43.52 48.66
2006 3 31 8.34 195.20 21.89 43.52 48.45
2006 4 3 8.33 195.05 22.17 43.71 48.59
2006 4 4 8.14 202.37 22.23 43.80 49.16
2006 4 5 8.94 204.20 22.31 43.51 49.49
2006 4 6 9.48 205.80 22.17 43.42 49.43
2006 4 7 9.28 203.28 21.92 43.26 48.83
2006 4 10 9.13 208.40 21.95 43.16 49.31
2006 4 11 9.04 205.04 21.82 42.66 49.36
2006 4 12 8.87 204.68 21.88 42.61 48.93
2006 4 13 8.84 201.28 21.78 42.74 49.01
2006 4 17 8.62 203.61 21.59 42.31 49.40
2006 4 18 8.81 202.32 21.90 42.41 50.59
2006 4 19 8.73 205.46 21.74 42.58 51.19
2006 4 20 9.00 207.71 21.74 42.72 50.89
2006 4 21 8.92 218.77 21.84 42.78 51.75
2006 4 24 8.75 220.47 21.81 42.98 51.28
2006 4 25 8.80 213.79 21.81 43.49 50.91
2006 4 26 9.07 213.20 21.80 44.05 50.24
2006 4 27 9.23 210.23 21.92 44.33 49.70
2006 4 28 9.36 209.18 19.43 44.20 50.22
2006 5 1 9.26 199.65 19.54 43.95 50.49
2006 5 2 9.53 197.60 19.31 44.13 51.49
2006 5 3 9.46 197.28 18.64 42.69 50.77
2006 5 4 9.46 197.57 18.86 42.42 50.40
2006 5 5 9.56 197.35 19.15 42.32 50.95
2006 5 8 9.56 197.59 19.09 42.78 50.72
2006 5 9 9.45 204.60 19.00 42.91 50.91
2006 5 10 9.39 201.69 19.12 42.78 51.11
2006 5 11 9.07 193.69 18.68 42.26 50.78
2006 5 12 9.01 187.25 18.64 41.77 49.80
2006 5 15 9.02 188.29 18.69 42.20 49.61
2006 5 16 8.64 185.84 18.58 42.56 49.58
2006 5 17 8.68 187.44 18.36 42.02 48.15
2006 5 18 8.40 185.68 18.44 41.68 47.92
2006 5 19 8.58 185.20 18.22 41.12 48.37
2006 5 22 8.43 185.66 18.48 41.22 48.63
2006 5 23 8.40 187.98 18.40 41.38 48.32
2006 5 24 8.43 190.82 18.98 41.63 48.09
2006 5 25 8.56 191.69 19.17 41.96 49.23
2006 5 26 8.45 190.87 19.16 41.87 49.27
2006 5 30 8.14 186.16 18.69 41.30 48.17
2006 5 31 7.95 186.10 18.29 41.20 48.74
2006 6 1 8.27 191.50 18.43 41.37 48.90
2006 6 2 8.20 189.91 18.38 40.97 49.33
2006 6 5 7.98 187.41 18.17 40.38 48.05
2006 6 6 7.94 195.19 17.87 40.53 48.33
2006 6 7 7.79 193.45 17.80 40.43 47.07
2006 6 8 8.08 196.85 17.86 41.57 47.67
2006 6 9 7.88 193.48 17.70 41.35 47.05
2006 6 12 7.58 190.96 17.53 41.24 46.60
2006 6 13 7.76 193.45 17.37 41.11 45.33
2006 6 14 7.66 192.39 17.67 41.64 46.25
2006 6 15 7.90 195.70 17.82 41.68 47.31
2006 6 16 7.66 195.55 17.85 41.78 47.05
2006 6 19 7.61 194.26 18.21 41.67 45.92
2006 6 20 7.64 193.78 18.22 42.21 45.92
2006 6 21 7.70 201.27 18.64 42.39 46.46
2006 6 22 7.93 200.18 18.48 42.41 46.39
2006 6 23 7.83 202.63 18.17 42.32 46.49
2006 6 26 7.85 202.31 18.43 42.52 47.07
2006 6 27 7.64 201.36 18.46 42.34 47.73
2006 6 28 7.45 203.26 18.70 42.35 48.91
2006 6 29 7.84 209.11 18.95 43.28 49.91
2006 6 30 7.62 209.87 18.82 42.22 49.09
2006 7 3 7.71 211.81 19.14 42.75 49.73
2006 7 5 7.58 210.94 18.86 42.47 50.05
2006 7 6 7.42 211.81 18.96 42.87 50.79
2006 7 7 7.37 210.44 18.82 42.91 50.28
2006 7 10 7.32 209.31 18.98 43.27 50.44
2006 7 11 7.40 212.49 18.65 43.48 51.19
2006 7 12 7.04 208.83 18.28 42.99 51.19
2006 7 13 6.95 204.62 17.98 42.94 51.27
2006 7 14 6.74 201.95 18.00 42.27 51.93
2006 7 17 6.97 204.15 18.15 42.39 51.21
2006 7 18 7.04 201.73 18.36 42.38 51.70
2006 7 19 7.20 199.70 18.90 43.25 51.74
2006 7 20 8.05 193.75 18.45 43.23 51.41
2006 7 21 8.08 195.25 19.28 42.82 51.15
2006 7 24 8.17 195.65 19.38 43.45 52.30
2006 7 25 8.24 194.87 19.56 43.44 52.60
2006 7 26 8.50 192.94 19.68 43.27 53.29
2006 7 27 8.43 191.39 19.28 43.10 53.19
2006 7 28 8.72 194.25 19.58 43.38 53.61
2006 7 31 9.04 193.49 19.43 42.92 54.20
2006 8 1 8.94 187.94 19.37 42.71 54.56
2006 8 2 9.07 183.80 19.62 44.51 54.80
2006 8 3 9.26 187.88 19.55 45.40 54.71
2006 8 4 9.09 187.11 19.62 45.40 54.96
2006 8 7 8.94 189.16 19.56 45.36 55.40
2006 8 8 8.62 190.69 19.66 45.60 55.43
2006 8 9 8.46 188.66 19.74 45.47 55.44
2006 8 10 8.52 187.29 19.75 46.02 55.74
2006 8 11 8.47 184.43 19.73 46.02 56.05
2006 8 14 8.51 184.90 19.81 45.63 55.67
2006 8 15 8.84 190.68 19.96 46.15 55.22
2006 8 16 9.04 194.05 20.02 46.14 54.32
2006 8 17 8.99 193.09 20.02 46.08 54.73
2006 8 18 9.03 191.87 20.90 46.12 55.55
2006 8 21 8.85 188.84 21.17 46.41 56.13
2006 8 22 8.99 189.33 20.77 46.62 56.44
2006 8 23 8.95 186.90 20.81 46.52 55.97
2006 8 24 9.02 187.05 20.86 46.62 56.85
2006 8 25 9.14 186.82 20.95 46.48 56.62
2006 8 28 8.91 190.67 21.03 46.57 56.35
2006 8 29 8.84 189.66 20.94 46.73 55.80
2006 8 30 8.91 190.57 20.91 47.15 54.90
2006 8 31 9.03 189.45 20.83 47.27 54.40
2006 9 1 9.10 189.49 20.94 47.28 54.74
2006 9 5 9.51 192.37 20.76 47.01 55.05
2006 9 6 9.32 190.26 20.76 46.92 54.00
2006 9 7 9.68 189.43 20.61 46.99 54.41
2006 9 8 9.65 189.11 20.75 46.69 53.71
2006 9 11 9.64 192.24 21.00 47.28 52.20
2006 9 12 9.66 196.15 21.02 47.23 52.01
2006 9 13 9.87 203.49 21.06 46.25 52.54
2006 9 14 9.87 202.19 21.34 46.41 52.02
2006 9 15 9.86 205.15 21.76 46.51 51.97
2006 9 18 9.83 207.55 21.71 46.20 53.30
2006 9 19 9.81 202.11 21.77 46.51 52.65
2006 9 20 10.01 198.70 22.03 47.06 51.54
2006 9 21 9.93 203.63 21.80 47.15 52.08
2006 9 22 9.71 202.09 21.61 47.20 52.18
2006 9 25 10.08 202.19 21.84 47.57 52.30
2006 9 26 10.32 203.64 22.05 47.71 53.40
2006 9 27 10.16 201.66 22.24 47.90 53.96
2006 9 28 10.24 201.99 22.21 47.54 54.23
2006 9 29 10.24 201.15 22.17 47.33 53.94
2006 10 2 9.96 200.92 22.18 47.38 53.86
2006 10 3 9.85 202.22 22.18 47.57 52.58
2006 10 4 10.03 208.06 22.65 48.37 53.55
2006 10 5 9.95 206.11 22.63 48.51 54.12
2006 10 6 9.87 210.46 22.59 48.18 54.28
2006 10 9 9.93 214.71 22.47 47.99 53.50
2006 10 10 9.82 213.54 22.44 47.89 54.02
2006 10 11 9.74 213.46 22.32 47.71 53.48
2006 10 12 10.01 213.93 22.87 47.66 54.38
2006 10 13 9.98 213.86 22.99 47.44 54.99
2006 10 16 10.03 211.09 23.06 47.38 56.13
2006 10 17 9.88 210.53 23.05 47.54 55.80
2006 10 18 9.91 209.86 23.12 48.03 55.60
2006 10 19 10.51 213.24 22.93 47.97 56.05
2006 10 20 10.63 230.07 23.04 48.10 55.91
2006 10 23 10.84 240.63 23.06 48.56 56.21
2006 10 24 10.78 236.89 22.92 48.26 56.18
2006 10 25 10.86 243.54 22.95 48.45 57.08
2006 10 26 10.93 242.79 22.98 48.73 57.57
2006 10 27 10.70 237.84 22.97 48.78 57.44
2006 10 30 10.70 238.52 23.12 48.97 56.95
2006 10 31 10.78 238.43 23.27 48.65 57.41
2006 11 1 10.53 233.98 23.35 48.38 57.12
2006 11 2 10.51 235.19 23.32 48.56 57.23
2006 11 3 10.41 236.14 23.29 48.66 58.00
2006 11 6 10.60 238.71 23.38 48.78 58.61
2006 11 7 10.71 236.52 23.46 49.20 58.31
2006 11 8 10.97 237.74 23.49 49.15 59.59
2006 11 9 11.09 236.55 23.72 48.96 60.24
2006 11 10 11.06 237.01 23.70 48.89 60.08
2006 11 13 11.22 240.76 23.79 48.54 60.09
2006 11 14 11.31 244.89 23.77 48.50 60.11
2006 11 15 11.18 246.21 23.68 48.44 60.39
2006 11 16 11.39 248.20 23.97 48.75 58.67
2006 11 17 11.42 249.64 23.91 49.01 59.00
2006 11 20 11.50 247.77 24.31 48.88 58.48
2006 11 21 11.79 255.08 24.33 48.55 59.25
2006 11 22 12.01 254.26 24.33 48.84 58.86
2006 11 24 12.19 252.75 24.20 48.76 58.44
2006 11 27 11.91 242.62 23.98 48.23 58.51
2006 11 28 12.21 244.99 23.90 48.40 59.87
2006 11 29 12.21 242.57 24.05 48.51 61.38
2006 11 30 12.19 242.65 23.88 48.19 62.01
2006 12 1 12.15 240.64 23.68 48.11 62.33
2006 12 4 12.12 242.67 23.85 48.67 62.79
2006 12 5 12.14 243.74 23.69 48.74 63.02
2006 12 6 11.95 244.60 23.58 48.96 61.61
2006 12 7 11.58 241.56 23.46 48.96 61.13
2006 12 8 11.74 242.30 23.91 49.03 60.96
2006 12 11 11.81 242.21 24.03 49.02 60.84
2006 12 12 11.46 241.13 23.94 48.89 61.56
2006 12 13 11.85 239.73 24.03 48.66 62.46
2006 12 14 11.78 241.30 24.46 48.62 63.56
2006 12 15 11.67 240.39 24.55 49.20 62.41
2006 12 18 11.37 231.63 24.31 49.24 60.96
2006 12 19 11.48 234.55 24.39 49.42 62.16
2006 12 20 11.27 231.68 24.47 49.48 61.42
2006 12 21 11.03 228.33 24.38 49.16 61.25
2006 12 22 10.93 228.02 24.11 48.96 60.88
2006 12 26 10.84 228.99 24.39 49.26 61.40
2006 12 27 10.84 234.25 24.42 49.44 62.13
2006 12 28 10.76 231.51 24.38 49.49 62.43
2006 12 29 11.29 230.47 24.29 49.32 61.87
2007 1 3 11.15 234.03 24.29 49.53 59.83
2007 1 4 11.39 241.87 24.24 49.16 58.71
2007 1 5 11.31 243.84 24.11 48.73 59.13
2007 1 8 11.37 242.03 24.34 48.84 58.65
2007 1 9 12.31 242.99 24.37 48.72 58.20
2007 1 10 12.90 244.97 24.12 49.30 57.31
2007 1 11 12.74 250.11 24.97 49.61 57.31
2007 1 12 12.59 252.75 25.38 49.88 58.66
2007 1 16 12.92 252.39 25.34 49.88 57.83
2007 1 17 12.63 248.89 25.29 50.40 58.50
2007 1 18 11.85 244.16 25.21 50.54 58.10
2007 1 19 11.77 245.12 25.30 50.96 59.37
2007 1 22 11.54 240.66 24.98 50.68 58.86
2007 1 23 11.40 239.76 25.00 50.62 60.14
2007 1 24 11.53 249.78 25.29 50.52 60.47
2007 1 25 11.47 244.29 24.77 50.06 59.36
2007 1 26 11.36 248.17 24.89 50.02 59.43
2007 1 29 11.43 246.48 24.83 50.03 59.10
2007 1 30 11.38 247.41 24.79 49.81 60.06
2007 1 31 11.40 251.00 25.10 50.02 59.83
2007 2 1 11.27 241.12 24.85 50.39 60.62
2007 2 2 11.27 240.99 24.55 50.39 60.99
2007 2 5 11.17 233.81 24.08 50.24 61.09
2007 2 6 11.19 235.98 24.00 49.81 60.92
2007 2 7 11.46 235.24 23.89 49.72 60.64
2007 2 8 11.46 235.75 23.80 49.81 61.18
2007 2 9 11.08 231.18 23.57 49.68 60.99
2007 2 12 11.29 229.37 23.54 49.48 60.49
2007 2 13 11.27 229.78 23.68 49.90 61.17
2007 2 14 11.35 233.20 23.99 50.03 61.30
2007 2 15 11.33 230.97 24.04 50.12 61.09
2007 2 16 11.28 235.21 23.46 50.18 61.05
2007 2 20 11.43 236.29 23.53 50.03 60.70
2007 2 21 11.87 238.17 23.95 49.88 60.63
2007 2 22 11.91 238.16 23.99 49.90 60.87
2007 2 23 11.85 235.55 23.59 49.98 60.99
2007 2 26 11.77 232.70 23.72 49.69 61.13
2007 2 27 11.16 224.61 22.75 47.23 58.24
2007 2 28 11.25 224.95 22.99 48.96 58.12
2007 3 1 11.58 224.34 22.92 49.11 57.56
2007 3 2 11.36 219.56 22.66 48.70 56.76
2007 3 5 11.48 220.70 22.48 48.42 56.74
2007 3 6 11.73 229.00 22.71 48.53 57.57
2007 3 7 11.67 228.05 22.53 47.87 58.09
2007 3 8 11.71 227.59 22.30 48.05 58.26
2007 3 9 11.70 226.71 22.27 47.93 57.66
2007 3 12 11.95 227.60 22.39 47.88 57.46
2007 3 13 11.76 221.74 21.81 47.17 56.68
2007 3 14 11.97 224.22 22.36 47.32 57.58
2007 3 15 11.91 223.32 22.26 47.74 57.32
2007 3 16 11.92 220.65 22.30 47.51 56.64
2007 3 19 12.12 223.84 22.71 47.79 57.65
2007 3 20 12.17 222.86 22.72 48.03 58.38
2007 3 21 12.49 228.50 23.28 48.55 59.37
2007 3 22 12.50 231.25 23.07 49.24 60.29
2007 3 23 12.44 231.15 22.87 49.20 60.83
2007 3 26 12.75 232.73 23.03 49.28 61.19
2007 3 27 12.70 232.04 22.62 48.79 61.39
2007 3 28 12.40 231.17 22.56 48.59 61.26
2007 3 29 12.47 230.69 22.65 48.78 61.82
2007 3 30 12.36 229.31 22.75 48.70 61.17
2007 4 2 12.46 229.49 22.64 48.60 61.75
2007 4 3 12.57 236.54 22.75 48.50 62.27
2007 4 4 12.54 235.75 23.26 48.62 62.52
2007 4 5 12.59 235.99 23.30 48.58 62.61
2007 4 9 12.46 234.34 23.32 48.78 62.27
2007 4 10 12.54 233.48 23.18 48.74 62.89
2007 4 11 12.32 232.50 22.94 48.61 62.24
2007 4 12 12.26 233.93 23.29 48.98 62.75
2007 4 13 12.00 233.38 23.35 48.87 62.76
2007 4 16 12.16 237.37 23.45 49.14 63.38
2007 4 17 12.02 236.64 23.55 49.28 63.57
2007 4 18 12.02 238.24 23.34 49.17 63.40
2007 4 19 12.01 236.06 23.41 49.06 62.80
2007 4 20 12.10 241.48 23.68 49.20 64.67
2007 4 23 12.44 239.78 23.49 49.07 64.22
2007 4 24 12.40 239.00 23.50 49.14 63.73
2007 4 25 12.68 239.23 23.66 49.26 64.80
2007 4 26 13.15 240.83 23.75 48.84 65.31
2007 4 27 13.29 239.74 24.58 48.83 65.16
2007 4 30 13.28 235.93 24.43 49.94 64.36
2007 5 1 13.23 234.73 24.81 48.82 64.59
2007 5 2 13.35 233.12 24.98 48.36 64.72
2007 5 3 13.35 236.85 25.28 48.07 65.42
2007 5 4 13.41 235.80 24.94 48.39 65.31
2007 5 7 13.82 233.87 25.06 48.21 65.54
2007 5 8 13.97 233.64 25.10 47.88 65.98
2007 5 9 14.22 234.86 25.12 48.08 66.02
2007 5 10 14.28 230.97 24.96 47.68 64.65
2007 5 11 14.46 233.60 25.21 47.80 66.15
2007 5 14 14.55 231.12 25.28 47.86 66.16
2007 5 15 14.30 229.23 25.30 48.13 66.06
2007 5 16 14.28 236.54 25.44 49.10 66.32
2007 5 17 14.56 235.72 25.37 49.14 66.61
2007 5 18 14.63 235.40 25.24 49.22 67.80
2007 5 21 14.90 235.54 25.42 49.06 68.07
2007 5 22 15.10 238.17 25.13 48.85 67.40
2007 5 23 15.02 237.22 25.04 48.93 67.58
2007 5 24 14.72 237.40 24.70 48.75 67.00
2007 5 25 15.11 242.00 24.96 48.82 68.00
2007 5 29 15.21 243.80 25.21 49.35 67.28
2007 5 30 15.80 249.55 25.47 49.51 68.40
2007 5 31 16.12 249.20 25.13 49.28 67.73
2007 6 1 15.75 250.45 25.05 49.22 68.58
2007 6 4 16.14 253.79 25.15 49.00 68.58
2007 6 5 16.32 259.68 25.04 49.21 68.61
2007 6 6 16.45 259.38 24.80 49.00 68.09
2007 6 7 16.50 257.79 24.25 48.32 66.74
2007 6 8 16.56 258.00 24.60 48.90 67.33
2007 6 11 15.99 255.93 24.58 48.89 67.64
2007 6 12 16.01 252.64 24.44 48.20 66.77
2007 6 13 15.63 252.87 24.88 48.36 67.87
2007 6 14 15.80 251.67 24.99 48.40 69.03
2007 6 15 16.03 253.20 24.96 48.52 69.98
2007 6 18 16.64 257.86 24.98 47.90 70.32
2007 6 19 16.45 257.41 24.94 47.93 69.90
2007 6 20 16.17 255.24 24.57 48.03 67.44
2007 6 21 16.48 257.31 24.74 47.98 68.65
2007 6 22 16.36 262.75 24.15 47.32 67.20
2007 6 25 16.27 263.97 24.15 47.36 67.07
2007 6 26 15.92 265.40 24.17 47.45 66.63
2007 6 27 16.21 263.41 24.46 47.63 67.98
2007 6 28 16.04 262.77 24.42 47.58 68.08
2007 6 29 16.23 261.61 24.13 47.45 68.30
2007 7 2 16.13 265.46 24.35 47.87 69.07
2007 7 3 16.92 267.44 24.58 47.91 69.51
2007 7 5 17.66 271.09 24.55 47.82 69.35
2007 7 6 17.60 269.97 24.54 47.67 70.40
2007 7 9 17.34 271.55 24.46 47.70 71.20
2007 7 10 17.60 271.94 24.01 47.32 70.44
2007 7 11 17.61 272.51 24.15 47.73 71.08
2007 7 12 17.83 272.94 24.62 48.80 72.98
2007 7 13 18.32 276.36 24.42 48.59 73.56
2007 7 16 18.37 276.77 24.59 48.97 73.04
2007 7 17 18.48 277.78 25.20 48.60 72.55
2007 7 18 18.37 275.03 25.32 48.80 74.22
2007 7 19 18.62 274.57 25.80 48.96 75.15
2007 7 20 19.12 260.32 25.51 48.46 74.87
2007 7 23 19.11 256.51 25.54 49.39 76.09
2007 7 24 17.94 257.26 25.22 49.09 73.97
2007 7 25 18.26 255.14 25.14 49.11 75.56
2007 7 26 19.42 254.25 24.55 48.78 71.85
2007 7 27 19.13 256.20 24.06 48.98 69.70
2007 7 30 18.81 258.31 24.07 49.33 70.04
2007 7 31 17.53 255.26 23.74 48.23 69.32
2007 8 1 17.96 256.73 23.99 49.25 69.90
2007 8 2 18.16 255.76 24.17 49.36 69.36
2007 8 3 17.54 251.75 23.71 49.03 66.84
2007 8 6 17.99 255.26 24.19 50.68 68.03
2007 8 7 17.96 258.27 24.19 50.86 69.79
2007 8 8 17.83 263.15 24.56 50.81 71.58
2007 8 9 16.81 257.62 23.99 50.66 68.35
2007 8 10 16.63 258.13 23.51 50.99 69.09
2007 8 13 17.00 258.01 23.44 50.12 67.79
2007 8 14 16.50 254.55 23.23 49.69 67.96
2007 8 15 15.95 249.02 23.09 49.50 66.79
2007 8 16 15.57 246.01 22.85 49.93 65.95
2007 8 17 16.24 250.27 23.21 50.96 68.79
2007 8 20 16.26 249.21 23.22 50.69 69.11
2007 8 21 16.97 253.56 23.06 50.26 67.98
2007 8 22 17.63 256.63 23.19 50.48 68.33
2007 8 23 17.43 256.35 23.25 50.71 68.47
2007 8 24 18.00 257.76 23.67 51.41 70.06
2007 8 27 17.59 256.89 23.41 50.86 69.59
2007 8 28 16.87 253.45 22.95 50.45 67.86
2007 8 29 17.83 256.70 23.49 50.78 69.68
2007 8 30 18.12 255.96 23.38 50.69 69.82
2007 8 31 18.42 257.88 23.61 50.93 70.09
2007 9 4 19.18 262.84 23.67 51.03 71.32
2007 9 5 18.19 264.16 23.40 51.04 71.31
2007 9 6 17.96 262.02 23.75 51.55 71.53
2007 9 7 17.53 259.93 23.37 51.05 70.11
2007 9 10 18.18 257.50 23.40 51.39 69.38
2007 9 11 18.02 260.93 23.77 52.23 71.08
2007 9 12 18.20 261.59 23.77 52.48 71.66
2007 9 13 18.25 262.65 23.96 52.60 72.45
2007 9 14 18.46 264.64 23.86 52.87 72.49
2007 9 17 18.41 262.91 23.61 52.98 72.97
2007 9 18 18.74 267.90 23.77 53.55 75.02
2007 9 19 18.72 273.70 23.56 53.64 75.31
2007 9 20 18.66 276.69 23.35 53.79 75.29
2007 9 21 19.17 280.33 23.54 54.11 75.47
2007 9 24 19.72 284.29 23.89 54.43 74.99
2007 9 25 20.38 284.78 24.29 54.47 75.18
2007 9 26 20.32 284.36 24.24 54.98 75.52
2007 9 27 20.55 284.03 24.23 54.66 76.01
2007 9 28 20.41 283.92 24.21 54.85 75.67
2007 10 1 20.80 291.57 24.46 55.29 76.81
2007 10 2 21.08 292.49 24.40 55.15 75.41
2007 10 3 21.01 292.30 24.20 54.90 74.67
2007 10 4 20.78 289.80 24.41 55.23 74.33
2007 10 5 21.48 297.32 24.52 55.23 74.69
2007 10 8 22.33 305.12 24.52 55.14 74.14
2007 10 9 22.33 307.90 24.73 55.42 75.76
2007 10 10 22.19 313.01 24.84 55.67 76.14
2007 10 11 21.58 311.31 24.58 55.96 75.75
2007 10 12 22.25 319.01 24.79 55.91 76.42
2007 10 15 22.21 310.37 24.68 55.36 77.52
2007 10 16 22.56 308.31 24.91 55.22 77.46
2007 10 17 22.98 317.06 25.54 55.32 77.50
2007 10 18 23.08 320.13 25.60 55.56 77.71
2007 10 19 22.67 322.68 24.79 55.48 75.33
2007 10 22 23.19 325.70 25.07 55.68 74.32
2007 10 23 24.76 338.22 25.39 55.84 74.68
2007 10 24 24.73 338.25 25.68 55.93 75.32
2007 10 25 24.31 334.59 26.28 55.91 74.86
2007 10 26 24.57 337.64 28.78 56.22 75.39
2007 10 29 24.62 339.95 28.40 56.29 76.53
2007 10 30 24.87 347.73 29.23 54.03 74.51
2007 10 31 25.27 353.85 30.24 54.48 75.21
2007 11 1 24.93 351.96 30.45 53.75 72.35
2007 11 2 24.99 355.98 30.45 54.50 71.89
2007 11 5 24.76 363.19 30.18 54.99 71.67
2007 11 6 25.51 371.27 29.92 55.22 73.89
2007 11 7 24.78 366.84 29.18 54.40 71.57
2007 11 8 23.34 347.27 28.54 55.51 73.39
2007 11 9 22.00 332.32 27.71 55.18 71.28
2007 11 12 20.45 316.35 27.43 55.46 69.38
2007 11 13 22.61 330.61 28.41 56.08 71.31
2007 11 14 22.10 321.16 27.97 56.06 70.84
2007 11 15 21.85 315.14 27.83 56.29 69.34
2007 11 16 22.13 317.13 28.10 57.35 69.84
2007 11 19 21.81 313.24 28.00 57.06 69.03
2007 11 20 22.46 324.59 28.51 57.37 72.08
2007 11 21 22.41 330.59 28.22 56.62 71.44
2007 11 23 22.82 338.69 28.12 57.09 72.46
2007 11 26 22.95 333.33 27.18 56.57 70.32
2007 11 27 23.25 337.12 27.25 57.31 70.89
2007 11 28 23.97 346.48 27.78 57.92 72.16
2007 11 29 24.51 348.85 27.69 58.11 72.71
2007 11 30 24.24 346.85 27.70 57.99 73.18
2007 12 3 23.79 341.11 27.14 57.61 72.92
2007 12 4 23.92 342.42 27.01 57.43 72.32
2007 12 5 24.67 349.60 28.15 57.84 73.80
2007 12 6 25.27 357.99 28.48 58.13 75.05
2007 12 7 25.85 357.79 28.46 58.08 75.10
2007 12 10 25.83 359.57 28.65 58.25 75.53
2007 12 11 25.08 349.95 28.11 57.86 74.10
2007 12 12 25.39 350.03 28.42 58.51 75.44
2007 12 13 25.52 347.37 29.03 58.30 76.10
2007 12 14 25.32 345.33 29.11 57.91 74.83
2007 12 17 24.53 334.95 28.35 57.39 73.78
2007 12 18 24.34 337.01 28.64 57.08 75.03
2007 12 19 24.36 339.02 28.68 57.19 75.04
2007 12 20 24.90 345.19 29.28 57.35 75.61
2007 12 21 25.79 348.69 29.73 58.05 76.68
2007 12 24 26.44 350.72 30.15 57.94 76.87
2007 12 26 26.46 355.78 30.18 58.02 77.81
2007 12 27 26.41 350.72 29.65 57.90 76.88
2007 12 28 26.58 351.62 29.78 58.18 77.97
2007 12 31 26.35 346.09 29.35 57.53 76.89
2008 1 2 25.92 342.94 29.03 56.66 76.75
2008 1 3 25.93 343.01 29.16 56.66 77.01
2008 1 4 23.95 328.83 28.34 56.44 75.57
2008 1 7 23.63 324.95 28.53 56.80 74.87
2008 1 8 22.78 316.16 27.57 56.95 73.91
2008 1 9 23.86 326.93 28.39 56.84 75.15
2008 1 10 23.68 323.69 28.30 56.80 75.23
2008 1 11 22.97 319.44 27.95 54.99 74.11
2008 1 14 23.78 327.24 28.35 55.08 74.55
2008 1 15 22.49 319.14 28.03 54.62 73.06
2008 1 16 21.23 308.28 27.39 54.22 71.02
2008 1 17 21.40 300.70 27.29 53.61 68.87
2008 1 18 21.46 300.43 27.21 52.89 69.83
2008 1 22 20.70 292.47 26.35 51.29 67.67
2008 1 23 18.50 274.58 26.32 52.17 68.49
2008 1 24 18.04 287.53 27.41 52.10 70.58
2008 1 25 17.29 283.48 27.15 51.44 68.89
2008 1 28 17.29 278.27 26.97 51.42 69.87
2008 1 29 17.50 275.54 26.87 50.94 69.83
2008 1 30 17.58 274.41 26.54 51.26 69.99
2008 1 31 18.01 282.43 26.87 51.52 70.34
2008 2 1 17.79 258.21 25.10 52.02 70.54
2008 2 4 17.51 247.96 24.89 52.10 70.12
2008 2 5 17.21 253.65 23.96 51.22 67.39
2008 2 6 16.23 251.11 23.51 51.44 66.84
2008 2 7 16.13 252.73 23.18 51.80 67.50
2008 2 8 16.69 258.60 23.54 51.21 67.35
2008 2 11 17.22 260.84 23.26 51.98 68.60
2008 2 12 16.61 259.30 23.36 52.89 69.55
2008 2 13 17.21 267.58 23.87 52.77 70.47
2008 2 14 16.95 266.39 23.49 52.48 70.52
2008 2 15 16.58 265.09 23.43 52.22 70.37
2008 2 19 16.25 254.73 23.31 52.22 71.72
2008 2 20 16.47 254.75 23.35 52.11 72.62
2008 2 21 16.17 251.68 23.25 51.95 71.65
2008 2 22 15.89 254.15 22.91 52.15 71.85
2008 2 25 15.93 243.46 23.04 52.52 73.47
2008 2 26 15.85 232.33 23.49 53.30 74.09
2008 2 27 16.36 236.67 23.39 52.93 73.68
2008 2 28 17.28 237.93 23.11 52.74 73.67
2008 2 29 16.63 235.83 22.51 52.12 71.72
2008 3 3 16.19 228.74 22.34 52.26 72.33
2008 3 4 16.58 222.52 22.83 52.02 71.46
2008 3 5 16.56 224.07 23.27 52.53 71.87
2008 3 6 16.09 216.57 22.82 52.38 69.66
2008 3 7 16.26 216.89 23.06 51.82 67.99
2008 3 10 15.92 207.02 23.21 51.79 67.97
2008 3 11 16.94 220.14 24.23 52.50 71.45
2008 3 12 16.76 220.31 23.69 52.80 70.86
2008 3 13 17.02 221.73 23.68 53.05 71.75
2008 3 14 16.84 219.18 23.14 52.56 70.81
2008 3 17 16.86 210.15 23.42 52.81 70.71
2008 3 18 17.67 219.80 24.35 53.98 72.92
2008 3 19 17.25 216.22 23.68 53.41 69.59
2008 3 20 17.73 216.99 24.15 54.63 70.06
2008 3 24 18.56 230.51 24.14 55.11 70.85
2008 3 25 18.75 225.62 24.12 54.77 70.23
2008 3 26 19.30 229.32 23.64 54.85 71.10
2008 3 27 18.66 222.26 23.21 54.67 71.05
2008 3 28 19.02 219.26 23.10 54.69 70.24
2008 3 31 19.09 220.46 23.49 55.19 69.72
2008 4 1 19.89 233.09 24.41 56.03 71.73
2008 4 2 19.62 233.08 24.13 55.51 72.96
2008 4 3 20.17 227.79 24.00 55.50 72.73
2008 4 4 20.36 235.78 24.13 55.60 73.15
2008 4 7 20.74 238.65 24.13 55.53 73.29
2008 4 8 20.33 234.14 23.79 55.64 73.86
2008 4 9 20.14 232.33 23.91 55.30 73.94
2008 4 10 20.56 234.77 24.09 55.27 73.81
2008 4 11 19.57 228.95 23.40 55.13 73.05
2008 4 14 19.66 226.06 23.22 55.22 73.94
2008 4 15 19.74 223.64 23.38 55.31 74.84
2008 4 16 20.44 227.74 23.96 54.87 76.57
2008 4 17 20.55 224.99 24.18 53.51 76.97
2008 4 18 21.42 269.97 24.83 53.20 77.48
2008 4 21 22.37 269.16 25.17 53.70 77.70
2008 4 22 21.31 277.78 25.03 53.44 77.80
2008 4 23 21.67 273.52 26.03 53.20 77.66
2008 4 24 22.47 271.79 26.32 52.93 76.33
2008 4 25 22.58 272.30 24.69 52.71 76.21
2008 4 28 22.91 276.34 23.99 52.44 76.20
2008 4 29 23.28 279.51 23.70 52.20 75.66
2008 4 30 23.14 287.43 23.60 53.11 76.72
2008 5 1 23.94 296.84 24.33 53.09 73.94
2008 5 2 24.07 290.94 24.20 52.91 73.86
2008 5 5 24.57 297.75 24.07 52.79 73.78
2008 5 6 24.83 293.47 24.58 52.79 74.24
2008 5 7 24.29 289.79 24.17 52.12 73.21
2008 5 8 24.62 291.80 24.22 52.21 74.13
2008 5 9 24.40 286.89 24.32 51.65 73.54
2008 5 12 25.03 292.76 24.82 51.76 73.85
2008 5 13 25.27 291.79 24.74 52.06 74.25
2008 5 14 24.78 288.44 24.86 51.88 74.44
2008 5 15 25.24 290.79 25.29 52.56 75.59
2008 5 16 24.96 290.33 24.91 52.87 76.73
2008 5 19 24.42 289.05 24.47 52.96 78.13
2008 5 20 24.73 289.59 23.89 52.17 78.29
2008 5 21 23.70 275.27 23.46 51.62 77.55
2008 5 22 23.55 275.01 23.65 51.98 76.59
2008 5 23 24.10 272.58 23.30 51.70 75.10
2008 5 27 24.80 280.73 23.62 51.54 74.35
2008 5 28 24.88 284.40 23.41 51.38 74.87
2008 5 29 24.83 291.79 23.51 51.86 73.98
2008 5 30 25.11 293.19 23.52 52.32 73.49
2008 6 2 24.75 287.79 23.09 51.77 72.70
2008 6 3 24.66 283.93 22.68 51.81 70.96
2008 6 4 24.63 286.40 22.87 52.63 71.00
2008 6 5 25.20 293.44 23.51 52.81 73.94
2008 6 6 24.69 283.78 22.83 51.78 71.86
2008 6 9 24.16 279.21 23.02 52.33 73.75
2008 6 10 24.69 277.36 23.17 52.80 72.77
2008 6 11 24.05 272.87 22.53 52.44 73.37
2008 6 12 23.05 276.75 23.46 52.64 72.08
2008 6 13 22.93 286.04 24.15 52.63 73.16
2008 6 16 23.52 286.69 24.03 52.20 72.85
2008 6 17 24.13 285.02 23.92 52.12 73.37
2008 6 18 23.78 281.47 23.64 51.49 72.72
2008 6 19 24.06 280.38 24.03 51.41 71.03
2008 6 20 23.31 273.49 23.45 50.03 70.30
2008 6 23 23.03 272.88 23.23 49.85 72.61
2008 6 24 23.05 271.42 23.03 49.79 71.97
2008 6 25 23.60 275.78 23.55 50.29 72.53
2008 6 26 22.38 264.67 23.05 49.31 71.54
2008 6 27 22.62 264.30 22.95 47.91 71.66
2008 6 30 22.27 263.47 22.85 48.17 72.97
2008 7 1 23.24 267.63 22.32 49.09 73.15
2008 7 2 22.37 263.78 21.50 49.66 72.37
2008 7 3 22.63 268.77 21.58 50.43 73.08
2008 7 7 23.30 272.23 21.62 49.83 71.99
2008 7 8 23.88 277.54 21.47 50.42 71.15
2008 7 9 23.18 271.05 20.96 50.53 69.81
2008 7 10 23.49 270.56 21.14 50.87 71.25
2008 7 11 22.96 267.17 20.97 50.26 70.77
2008 7 14 23.13 261.07 20.89 50.64 70.72
2008 7 15 22.56 258.30 21.72 50.97 68.05
2008 7 16 22.99 268.07 22.64 50.92 66.91
2008 7 17 22.85 266.99 22.86 50.92 66.51
2008 7 18 21.97 240.90 21.48 50.75 67.51
2008 7 21 22.12 234.63 21.30 50.72 68.70
2008 7 22 21.55 238.79 21.43 51.09 68.60
2008 7 23 22.12 244.85 21.95 51.57 67.06
2008 7 24 21.15 238.05 21.13 51.42 66.90
2008 7 25 21.56 246.24 21.73 51.38 67.64
2008 7 28 20.54 238.80 21.18 50.87 66.80
2008 7 29 20.89 241.80 21.69 52.24 66.98
2008 7 30 21.27 241.59 21.79 53.06 69.86
2008 7 31 21.14 237.11 21.36 52.19 66.59
2008 8 1 20.84 234.16 21.13 51.77 66.00
2008 8 4 20.38 231.73 21.00 52.46 63.42
2008 8 5 21.37 240.17 21.77 54.17 64.87
2008 8 6 21.84 243.41 22.44 54.02 64.85
2008 8 7 21.76 239.80 22.75 53.78 64.12
2008 8 8 22.55 247.75 23.36 55.50 65.18
2008 8 11 23.09 250.67 23.17 55.34 65.04
2008 8 12 23.51 251.56 23.36 56.06 63.98
2008 8 13 23.85 250.27 23.18 55.47 65.05
2008 8 14 23.85 253.00 23.18 55.56 64.45
2008 8 15 23.38 255.33 23.10 57.07 64.14
2008 8 18 23.33 249.40 23.00 56.80 63.69
2008 8 19 23.08 245.50 22.78 56.37 64.87
2008 8 20 23.39 242.74 22.76 56.03 65.58
2008 8 21 23.18 243.51 22.67 55.71 66.87
2008 8 22 23.52 245.54 23.22 57.08 66.82
2008 8 25 22.95 241.75 23.07 55.90 65.50
2008 8 26 23.10 237.32 22.74 55.67 66.53
2008 8 27 23.23 234.52 22.98 55.84 66.97
2008 8 28 23.11 237.13 23.30 56.60 67.56
2008 8 29 22.55 231.88 22.76 55.61 66.58
2008 9 2 22.11 232.86 22.60 56.17 64.34
2008 9 3 22.21 232.44 22.43 56.92 64.93
2008 9 4 21.44 225.36 21.97 56.14 63.36
2008 9 5 21.31 222.35 21.39 56.41 62.93
2008 9 8 21.01 210.19 21.78 57.68 63.89
2008 9 9 20.18 209.54 21.77 57.30 60.97
2008 9 10 20.17 207.29 22.05 57.70 62.62
2008 9 11 20.30 217.09 22.80 58.25 62.88
2008 9 12 19.81 219.05 23.03 58.30 64.49
2008 9 15 18.67 217.15 22.37 57.50 60.96
2008 9 16 18.61 221.69 21.67 57.39 63.60
2008 9 17 17.00 207.45 20.49 56.54 62.65
2008 9 18 17.84 219.76 21.06 56.84 64.70
2008 9 19 18.74 224.80 20.98 56.08 66.25
2008 9 22 17.43 215.29 21.18 54.23 65.64
2008 9 23 16.87 214.85 21.21 53.62 64.65
2008 9 24 17.12 217.77 21.45 54.79 64.94
2008 9 25 17.55 220.02 22.19 54.60 67.13
2008 9 26 17.06 215.74 22.85 54.87 67.12
2008 9 29 14.00 190.69 20.86 53.20 61.63
2008 9 30 15.12 200.46 22.26 55.55 64.63
2008 10 1 14.51 206.07 22.08 56.80 65.39
2008 10 2 13.31 195.44 21.89 56.94 64.49
2008 10 3 12.91 193.65 21.95 56.61 64.86
2008 10 6 13.05 185.79 20.77 54.66 64.34
2008 10 7 11.86 173.18 19.37 52.80 63.30
2008 10 8 11.94 169.22 19.19 52.68 64.08
2008 10 9 11.80 164.65 18.60 48.52 56.59
2008 10 10 12.88 166.17 17.93 47.47 51.90
2008 10 13 14.67 190.70 21.26 50.44 60.82
2008 10 14 13.84 181.54 20.10 51.09 60.30
2008 10 15 13.03 169.75 18.90 47.68 51.89
2008 10 16 13.55 176.69 20.17 49.23 57.80
2008 10 17 12.96 186.46 19.96 49.21 56.62
2008 10 20 13.09 189.85 20.61 50.94 62.41
2008 10 21 12.17 181.56 19.48 50.18 59.50
2008 10 22 12.89 178.01 17.95 47.13 53.73
2008 10 23 13.07 176.34 18.61 48.59 58.58
2008 10 24 12.82 169.81 18.31 47.22 57.45
2008 10 27 12.25 164.91 17.66 46.02 55.00
2008 10 28 13.29 184.56 19.26 50.72 62.30
2008 10 29 13.91 179.18 19.18 48.92 62.12
2008 10 30 14.77 180.03 18.87 50.60 62.46
2008 10 31 14.31 179.86 18.62 51.77 61.68
2008 11 3 14.23 173.42 18.86 51.66 61.82
2008 11 4 14.76 183.65 19.62 53.00 64.49
2008 11 5 13.74 171.29 18.41 51.18 61.32
2008 11 6 13.18 165.78 17.41 50.82 58.22
2008 11 7 13.07 165.74 17.93 51.73 61.89
2008 11 10 12.75 159.55 17.76 52.10 61.95
2008 11 11 12.61 155.89 17.68 51.19 60.81
2008 11 12 11.99 145.65 16.93 49.61 57.69
2008 11 13 12.83 156.20 17.72 52.18 63.12
2008 11 14 12.00 155.17 16.73 50.62 61.67
2008 11 17 11.72 150.21 16.11 50.14 61.42
2008 11 18 11.96 148.86 16.47 51.54 63.89
2008 11 19 11.48 140.23 15.36 49.95 61.45
2008 11 20 10.71 129.91 14.72 47.59 57.34
2008 11 21 10.98 131.35 16.52 50.61 63.45
2008 11 24 12.36 128.85 17.37 51.88 65.95
2008 11 25 12.08 141.17 16.78 50.68 65.38
2008 11 26 12.64 146.19 17.20 50.66 67.70
2008 11 28 12.33 146.63 16.98 51.62 67.08
2008 12 1 11.83 133.13 15.62 48.52 62.20
2008 12 2 12.30 137.69 16.08 49.28 64.96
2008 12 3 12.76 139.85 16.68 50.44 66.06
2008 12 4 12.16 137.31 16.04 49.13 63.84
2008 12 5 12.50 142.14 16.68 50.24 64.11
2008 12 8 13.26 151.21 17.64 50.13 66.62
2008 12 9 13.31 153.14 17.30 47.96 65.45
2008 12 10 13.06 154.56 17.30 47.42 67.02
2008 12 11 12.64 150.26 16.33 46.99 66.97
2008 12 12 13.07 158.04 16.25 47.28 67.33
2008 12 15 12.60 155.49 15.99 47.61 66.92
2008 12 16 12.69 162.80 16.88 49.43 69.59
2008 12 17 11.86 157.78 16.51 48.69 67.84
2008 12 18 11.90 155.30 16.20 48.38 64.45
2008 12 19 11.97 155.24 16.05 48.27 62.79
2008 12 22 11.40 148.70 16.10 48.50 62.70
2008 12 23 11.49 149.16 16.19 47.99 62.86
2008 12 24 11.31 151.63 16.09 48.44 63.43
2008 12 26 11.41 150.33 16.06 48.55 64.61
2008 12 29 11.52 148.86 15.92 48.29 65.30
2008 12 30 11.48 151.71 16.24 49.03 65.78
2008 12 31 11.35 153.98 16.32 49.59 66.82
2009 1 2 12.07 160.82 17.07 50.37 68.33
2009 1 5 12.58 164.19 17.23 50.01 68.32
2009 1 6 12.37 167.20 17.43 49.87 67.21
2009 1 7 12.11 161.17 16.38 48.99 65.49
2009 1 8 12.33 162.76 16.89 48.46 66.20
2009 1 9 12.05 157.69 16.39 48.02 64.92
2009 1 12 11.79 156.50 16.35 48.08 64.06
2009 1 13 11.67 157.32 16.64 47.70 65.22
2009 1 14 11.35 150.64 16.03 46.41 62.86
2009 1 15 11.09 149.64 16.15 46.09 64.16
2009 1 16 10.95 149.98 16.55 46.31 65.37
2009 1 20 10.40 141.52 15.52 46.07 63.85
2009 1 21 11.02 151.69 16.27 46.50 66.34
2009 1 22 11.75 153.40 14.36 46.01 65.48
2009 1 23 11.75 162.51 14.44 45.23 65.32
2009 1 26 11.92 162.10 14.80 45.53 65.79
2009 1 27 12.07 165.91 14.83 45.80 66.05
2009 1 28 12.53 174.51 15.15 47.00 66.33
2009 1 29 12.37 171.83 14.77 47.03 64.45
2009 1 30 11.99 169.43 14.36 44.02 64.01
2009 2 2 12.17 170.46 14.97 42.85 64.19
2009 2 3 12.37 170.40 15.53 43.55 65.38
2009 2 4 12.44 171.67 15.64 42.42 65.00
2009 2 5 12.83 177.04 15.99 43.07 66.77
2009 2 6 13.26 185.83 16.51 43.62 67.58
2009 2 9 13.64 189.57 16.32 42.76 66.86
2009 2 10 13.01 179.43 15.78 41.56 64.05
2009 2 11 12.88 179.20 16.13 41.32 62.74
2009 2 12 13.20 181.71 16.17 41.42 63.27
2009 2 13 13.19 179.02 16.03 41.27 62.74
2009 2 17 12.57 171.50 15.29 40.48 59.96
2009 2 18 12.55 176.73 15.32 41.16 60.52
2009 2 19 12.06 171.49 15.14 41.30 60.70
2009 2 20 12.13 173.40 15.22 40.59 59.92
2009 2 23 11.57 165.20 14.55 39.50 58.29
2009 2 24 12.00 172.90 14.51 40.20 60.64
2009 2 25 12.13 170.99 14.34 40.32 60.61
2009 2 26 11.86 168.76 13.88 39.56 59.68
2009 2 27 11.88 169.16 13.65 38.91 57.12
2009 3 2 11.70 163.74 13.35 37.86 54.60
2009 3 3 11.75 162.90 13.42 37.67 54.14
2009 3 4 12.13 159.62 13.63 38.22 55.25
2009 3 5 11.82 152.97 12.91 36.67 52.34
2009 3 6 11.35 154.44 12.92 36.92 53.86
2009 3 9 11.05 145.59 12.81 35.69 54.32
2009 3 10 11.79 154.24 13.93 36.49 56.69
2009 3 11 12.33 159.11 14.46 36.41 55.33
2009 3 12 12.82 161.93 14.38 36.98 56.49
2009 3 13 12.76 162.37 14.07 37.92 56.53
2009 3 16 12.69 160.01 13.74 38.63 56.33
2009 3 17 13.26 167.84 14.29 38.76 58.12
2009 3 18 13.50 166.72 14.34 38.79 58.19
2009 3 19 13.52 165.14 14.49 37.41 57.48
2009 3 20 13.51 165.25 14.42 36.83 55.59
2009 3 23 14.32 174.47 15.49 38.56 59.33
2009 3 24 14.17 173.76 15.16 38.02 58.36
2009 3 25 14.16 172.21 15.11 38.82 59.02
2009 3 26 14.61 176.82 15.92 39.39 59.92
2009 3 27 14.21 174.02 15.33 39.23 58.87
2009 3 30 13.90 171.52 14.78 38.19 57.73
2009 3 31 13.98 174.20 15.53 38.04 57.28
2009 4 1 14.46 177.22 16.32 38.94 58.24
2009 4 2 14.99 181.43 16.31 39.92 59.09
2009 4 3 15.43 185.08 15.85 40.09 59.25
2009 4 6 15.76 184.30 15.86 40.11 58.93
2009 4 7 15.30 179.50 15.86 39.32 57.80
2009 4 8 15.47 181.18 16.22 39.15 58.01
2009 4 9 15.90 186.44 16.63 39.73 58.75
2009 4 13 15.99 189.24 16.56 38.80 57.22
2009 4 14 15.74 184.64 16.36 38.17 56.95
2009 4 15 15.65 189.94 15.92 39.38 57.32
2009 4 16 16.15 194.56 16.70 40.74 56.70
2009 4 17 16.42 196.32 16.23 41.73 56.15
2009 4 20 16.03 189.84 15.73 40.98 54.92
2009 4 21 16.20 190.93 16.04 41.49 55.71
2009 4 22 16.16 192.12 15.88 40.41 54.47
2009 4 23 16.68 192.54 15.99 40.18 55.27
2009 4 24 16.48 194.94 17.68 40.34 56.00
2009 4 27 16.59 193.17 17.24 40.71 55.63
2009 4 28 16.48 192.05 16.85 40.48 56.43
2009 4 29 16.65 195.93 17.12 41.08 57.57
2009 4 30 16.74 198.18 17.13 40.28 56.08
2009 5 1 16.93 197.04 17.11 40.33 57.21
2009 5 4 17.57 201.19 17.07 41.54 57.37
2009 5 5 17.65 201.70 16.73 40.57 56.91
2009 5 6 17.62 201.94 16.73 41.42 57.69
2009 5 7 17.17 198.50 16.33 41.83 57.98
2009 5 8 17.18 203.87 16.42 42.02 59.56
2009 5 11 17.23 204.19 16.33 41.04 58.62
2009 5 12 16.55 199.70 16.81 41.50 59.93
2009 5 13 15.89 194.96 16.70 41.52 59.04
2009 5 14 16.35 193.94 16.96 41.39 59.03
2009 5 15 16.28 195.20 17.09 41.28 58.48
2009 5 18 16.85 198.62 17.41 42.79 59.66
2009 5 19 16.95 199.64 17.28 43.14 59.67
2009 5 20 16.74 198.79 17.34 44.01 58.90
2009 5 21 16.52 198.45 16.86 43.20 57.87
2009 5 22 16.29 196.95 16.80 43.21 58.24
2009 5 26 17.40 202.38 17.30 43.82 59.07
2009 5 27 17.70 202.98 17.12 42.19 57.80
2009 5 28 17.97 205.41 17.40 42.85 58.58
2009 5 29 18.06 208.82 17.77 42.32 58.68
2009 6 1 18.54 213.49 18.20 43.47 60.72
2009 6 2 18.55 214.41 18.20 43.76 61.71
2009 6 3 18.75 216.04 18.49 43.84 60.99
2009 6 4 19.12 220.36 18.57 43.47 61.76
2009 6 5 19.24 222.38 18.83 43.33 61.75
2009 6 8 19.13 219.60 18.76 43.30 61.92
2009 6 9 18.98 218.03 18.78 42.70 61.87
2009 6 10 18.66 216.52 19.18 42.43 62.48
2009 6 11 18.62 214.71 19.42 42.37 62.66
2009 6 12 18.22 212.63 19.85 42.81 62.43
2009 6 15 18.10 208.59 19.92 41.82 61.61
2009 6 16 18.14 208.21 19.95 40.82 60.61
2009 6 17 18.03 207.79 20.14 40.74 60.44
2009 6 18 18.07 207.24 19.99 41.69 60.45
2009 6 19 18.55 210.26 20.48 41.26 60.12
2009 6 22 18.27 203.88 19.80 41.19 58.25
2009 6 23 17.83 203.04 19.86 41.18 58.35
2009 6 24 18.12 204.85 19.97 41.18 57.92
2009 6 25 18.60 208.09 20.24 42.11 59.13
2009 6 26 18.95 212.87 19.86 42.16 58.43
2009 6 29 18.88 212.28 20.30 42.55 59.73
2009 6 30 18.95 211.01 20.22 41.63 59.16
2009 7 1 19.00 209.70 20.45 42.37 59.71
2009 7 2 18.62 204.45 19.88 41.64 57.96
2009 7 6 18.44 205.01 19.74 42.50 57.63
2009 7 7 18.01 198.51 19.17 42.29 56.32
2009 7 8 18.25 201.45 19.19 42.89 56.07
2009 7 9 18.14 205.40 19.09 42.70 55.82
2009 7 10 18.43 207.41 19.05 42.55 55.11
2009 7 13 18.93 212.36 19.76 43.16 55.60
2009 7 14 18.92 212.56 19.66 43.62 56.04
2009 7 15 19.54 219.30 20.52 44.53 57.91
2009 7 16 19.62 221.52 20.79 44.98 57.93
2009 7 17 20.19 215.34 20.66 45.56 57.98
2009 7 20 20.34 215.30 20.87 45.27 58.34
2009 7 21 20.15 214.16 21.12 45.21 59.63
2009 7 22 20.85 214.06 21.10 45.06 59.23
2009 7 23 20.99 218.89 21.74 45.30 60.60
2009 7 24 21.28 223.58 19.95 45.86 61.17
2009 7 27 21.30 222.62 19.66 45.81 61.56
2009 7 28 21.28 220.15 19.97 45.75 60.83
2009 7 29 21.29 218.34 20.25 46.09 60.44
2009 7 30 21.65 223.04 20.25 46.18 59.84
2009 7 31 21.73 221.75 20.01 45.59 59.56
2009 8 3 22.14 226.33 20.27 45.67 59.78
2009 8 4 22.02 227.09 20.22 45.55 59.74
2009 8 5 21.96 225.80 20.25 44.27 59.26
2009 8 6 21.80 225.41 19.96 42.26 59.01
2009 8 7 22.02 228.78 20.04 42.73 58.79
2009 8 10 21.91 228.53 19.92 42.84 58.54
2009 8 11 21.66 227.20 19.68 42.65 58.00
2009 8 12 21.99 229.52 20.02 42.77 58.84
2009 8 13 22.40 231.37 20.09 42.95 58.53
2009 8 14 22.18 230.23 20.15 43.01 58.07
2009 8 17 21.23 222.67 19.78 42.88 56.66
2009 8 18 21.81 222.86 20.17 43.07 56.61
2009 8 19 21.89 222.21 20.23 43.36 57.89
2009 8 20 22.12 230.44 20.25 43.54 58.40
2009 8 21 22.51 232.85 20.88 44.00 59.53
2009 8 24 22.49 234.60 21.08 43.81 60.70
2009 8 25 22.53 235.92 21.08 43.85 60.18
2009 8 26 22.27 234.23 21.00 43.82 60.76
2009 8 27 22.54 233.26 21.12 43.58 60.33
2009 8 28 22.62 232.61 21.11 43.68 59.70
2009 8 31 22.37 231.07 21.09 44.44 58.87
2009 9 1 21.99 228.11 20.53 43.54 58.24
2009 9 2 21.97 226.73 20.41 43.36 58.05
2009 9 3 22.15 228.99 20.63 43.42 58.12
2009 9 4 22.65 230.88 21.06 43.41 58.90
2009 9 8 23.00 229.54 21.23 44.51 60.15
2009 9 9 22.76 232.22 21.20 44.15 60.02
2009 9 10 22.95 235.71 21.39 46.02 60.15
2009 9 11 22.90 236.31 21.27 45.69 59.58
2009 9 14 23.11 237.80 21.39 45.42 59.60
2009 9 15 23.30 239.01 21.56 45.19 59.16
2009 9 16 24.19 244.39 21.56 45.42 59.89
2009 9 17 24.55 246.11 21.64 45.60 59.46
2009 9 18 24.61 245.98 21.61 47.07 59.59
2009 9 21 24.48 248.75 21.64 46.89 59.23
2009 9 22 24.54 249.78 22.05 47.01 59.45
2009 9 23 24.67 249.48 21.99 47.02 58.75
2009 9 24 24.45 248.63 22.19 47.50 58.69
2009 9 25 24.26 246.49 21.86 47.64 58.49
2009 9 28 24.76 249.51 22.10 47.76 59.25
2009 9 29 24.66 249.51 22.03 47.56 58.80
2009 9 30 24.65 248.17 22.00 47.57 58.41
2009 10 1 24.06 243.84 21.28 46.50 57.27
2009 10 2 24.59 242.53 21.35 46.61 56.68
2009 10 5 24.74 244.50 21.08 46.55 57.54
2009 10 6 25.27 249.62 21.48 46.84 58.46
2009 10 7 25.31 259.03 21.47 46.77 58.46
2009 10 8 25.18 257.35 21.96 47.35 58.79
2009 10 9 25.34 258.38 21.86 47.27 58.97
2009 10 12 25.38 262.28 22.00 47.22 59.71
2009 10 13 25.28 263.32 22.08 47.02 59.82
2009 10 14 25.44 267.93 22.21 47.07 61.16
2009 10 15 25.35 265.22 22.85 47.01 62.10
2009 10 16 25.01 275.20 22.67 47.17 62.25
2009 10 19 25.25 276.32 22.55 47.46 62.68
2009 10 20 26.44 276.14 22.56 47.74 62.17
2009 10 21 27.26 275.83 22.74 47.57 62.41
2009 10 22 27.29 277.32 22.75 48.10 63.38
2009 10 23 27.13 277.12 23.97 47.70 62.64
2009 10 26 26.93 277.38 24.54 47.09 62.35
2009 10 27 26.25 274.42 24.46 47.32 63.78
2009 10 28 25.59 270.42 23.97 47.36 62.87
2009 10 29 26.12 275.80 24.14 49.27 62.97
2009 10 30 25.07 268.33 23.72 48.00 61.02
2009 11 2 25.18 267.26 23.85 48.78 61.43
2009 11 3 25.11 268.91 23.55 48.48 61.08
2009 11 4 25.38 270.44 24.00 48.85 60.70
2009 11 5 25.81 274.60 24.36 50.04 61.72
2009 11 6 25.85 275.83 24.40 50.51 61.79
2009 11 9 26.80 281.54 24.80 51.18 62.38
2009 11 10 27.00 283.66 24.82 51.19 62.18
2009 11 11 27.04 285.57 24.91 51.50 62.44
2009 11 12 26.87 284.21 25.12 50.73 61.57
2009 11 13 27.20 286.31 25.35 50.98 62.06
2009 11 16 27.49 288.43 25.27 51.53 63.74
2009 11 17 27.53 289.03 25.78 51.56 64.25
2009 11 18 27.40 288.61 25.87 51.65 64.46
2009 11 19 26.67 286.78 25.59 51.43 63.93
2009 11 20 26.59 285.27 25.45 51.14 63.69
2009 11 23 27.39 291.47 25.73 51.91 64.82
2009 11 24 27.19 291.84 25.70 51.97 65.06
2009 11 25 27.16 293.16 25.60 52.03 65.48
2009 11 27 26.68 290.17 25.11 51.70 64.11
2009 11 30 26.59 291.79 25.27 51.60 64.28
2009 12 1 26.20 295.23 25.79 52.06 65.12
2009 12 2 26.10 294.05 25.59 52.29 64.90
2009 12 3 26.14 293.16 25.63 51.77 64.22
2009 12 4 25.71 292.80 25.76 51.80 63.58
2009 12 7 25.13 293.42 25.60 51.69 63.17
2009 12 8 25.26 293.82 25.41 51.20 62.47
2009 12 9 26.31 294.80 25.53 51.50 62.33
2009 12 10 26.13 296.05 25.67 51.50 62.00
2009 12 11 25.89 295.55 25.65 51.59 62.37
2009 12 14 26.20 298.16 25.87 52.14 59.68
2009 12 15 25.83 296.87 25.79 51.41 59.23
2009 12 16 25.94 299.18 25.86 51.44 58.60
2009 12 17 25.52 297.27 25.43 50.97 58.42
2009 12 18 26.00 298.51 26.09 50.93 58.41
2009 12 21 26.37 299.64 26.22 50.73 58.67
2009 12 22 26.65 300.86 26.48 50.73 58.72
2009 12 23 26.88 306.15 26.57 50.73 58.45
2009 12 24 27.81 309.55 26.64 50.71 58.80
2009 12 28 28.15 311.75 26.78 50.69 59.16
2009 12 29 27.81 310.01 26.97 50.96 58.95
2009 12 30 28.15 311.68 26.60 50.78 58.89
2009 12 31 28.03 310.30 26.19 50.17 58.39
